data1 = [144	135	129
140	136	129
140	138	129
142	134	131
141	135	131
142	135	131
140	136	131
143	138	131
139	135	132
140	135	132
142	136	132
143	137	132
141	138	132
142	134	133
141	135	133
142	136	133
140	137	133
139	138	134
142	138	134
143	138	134]*3;
save cylindern1 data1